# X , Y , E , DX
1
0.00232478,25.1223,1.0753,0.0020133
0.00458718,110.664,5.10552,0.00192328
0.00684958,533.036,10.7279,0.00189569
0.00911198,3755.04,88.2146,0.00199785
0.0113744,6623.35,81.1387,0.00205609
0.0136368,6601.46,82.1543,0.00217489
0.0158992,6696.75,61.0739,0.00229348
0.0181616,3567.65,33.7825,0.00239931
0.020424,2619.02,19.2831,0.00247893
0.0226864,1448.54,9.17496,0.00256543
0.0249488,1062.46,6.45022,0.00260186
0.0272112,680.858,3.61803,0.00263457
0.0294736,542.689,3.01629,0.00269503
0.031736,374.355,1.58191,0.00273969
0.0339984,302.914,1.51454,0.0027873
0.0362608,225.458,0.80991,0.00285656
0.0385232,180.388,0.767493,0.00290755
0.0407856,146.963,0.500933,0.00296543
0.043048,117.512,0.419644,0.0030476
0.0453104,98.611,0.311384,0.00310267
0.0475728,80.1656,0.257224,0.00317061
0.0498352,68.8921,0.197795,0.00325667
0.0520976,55.8606,0.157387,0.00332773
0.05436,49.3919,0.138525,0.00339323
0.0566224,41.1046,0.103235,0.00348751
0.0588848,36.9666,0.0969116,0.00355319
0.0611472,31.4846,0.0697547,0.00364613
0.0634096,27.7914,0.0713215,0.00373615
0.065672,24.5384,0.0513488,0.00381589
0.0679344,22.0776,0.0516035,0.00390849
0.0701968,19.3108,0.0407077,0.00399867
0.0724592,17.3652,0.0375356,0.00406174
0.0747216,15.8995,0.0314315,0.00415516
0.076984,14.1416,0.028148,0.00423386
0.0792464,13.1025,0.0241634,0.00430617
0.0815088,11.823,0.0236208,0.00443354
0.0837712,11.0808,0.0215,0.00445424
0.0860336,9.62507,0.0175462,0.00459522
0.088296,9.36616,0.0182993,0.00466863
0.0905584,8.42028,0.014562,0.00474494
0.0928208,8.09611,0.0151837,0.00485222
0.0950832,7.22214,0.0122846,0.00493926
0.0973456,6.80715,0.0115816,0.00501939
0.099608,6.40458,0.0102063,0.00512144
0.10187,6.01135,0.00953228,0.00519627
0.104133,5.40608,0.00802476,0.00532484
0.106395,5.2069,0.0078088,0.00537297
0.108658,4.97273,0.00705516,0.00548339
0.11092,4.67864,0.00653236,0.00559051
0.113182,4.43956,0.00620005,0.00569599
0.115445,4.16076,0.00538815,0.00575616
0.117707,3.96772,0.00550645,0.00587507
0.11997,3.75641,0.00456364,0.00599054
0.122232,3.75451,0.00489803,0.00606209
0.124494,3.56265,0.00417934,0.00616088
0.126757,3.37202,0.00424595,0.00625433
0.129019,3.20795,0.00371517,0.00635325
0.131282,3.08345,0.00367804,0.00647504
0.133544,2.97666,0.00330991,0.00656997
0.135806,2.79449,0.003215,0.00670515
0.138069,2.90464,0.00316229,0.00681656
0.140331,2.67766,0.00287487,0.00695484
0.142594,2.72381,0.00295704,0.00704784
0.144856,2.61798,0.00267939,0.00722162
0.147118,2.58308,0.00274244,0.00733503
0.149381,2.54905,0.00250878,0.00746144
0.151643,2.41722,0.00249809,0.00762406
0.153906,2.35131,0.0022018,0.00773543
0.156168,2.27872,0.00225667,0.00793215
0.15843,2.33493,0.00221895,0.00809307
0.160693,2.27899,0.0021668,0.0082353
0.162955,2.12915,0.00196334,0.00838376
0.165218,2.14338,0.00198364,0.00857472
0.16748,2.13845,0.00190702,0.00868331
0.169742,2.02803,0.00176294,0.00892482
0.172005,2.01373,0.00181602,0.00904882
0.174267,1.93414,0.00167305,0.00924326
0.17653,1.95047,0.00179536,0.00943445
0.178792,1.95548,0.00168827,0.00956254
0.181054,1.8522,0.00171449,0.00980488
0.183317,1.94156,0.00174766,0.00995011
0.185579,1.81131,0.00166289,0.0101434
0.187842,1.77108,0.001644,0.0103764
0.190104,1.82549,0.00173475,0.0105471
0.192366,1.76223,0.00180762,0.0107355
0.194629,1.77686,0.00176977,0.0109622
0.196891,1.72554,0.00180784,0.0111471
0.199154,1.68903,0.00173427,0.0113915
0.201416,1.66725,0.00195208,0.0115784
0.203678,1.69189,0.00190074,0.0117673
0.205941,1.61342,0.00203849,0.012011
0.208203,1.62416,0.00196273,0.0122274
0.210466,1.70871,0.00231357,0.0124266
0.212728,1.59859,0.00239281,0.0126529
0.21499,1.63284,0.00253199,0.0129049
0.217253,1.61502,0.00270291,0.0130589
0.219515,1.52206,0.00265069,0.0133043
0.221778,1.62765,0.00308055,0.0134998
0.22404,1.55721,0.00308123,0.0137487
0.226302,1.6343,0.0034464,0.0139386
0.228565,1.63903,0.00368509,0.0141531
0.230827,1.58133,0.00374907,0.0143515
0.23309,1.41605,0.00363923,0.0146494
0.235352,1.5347,0.00419095,0.0148436
0.237614,1.58399,0.00472512,0.0150335
0.239877,1.47385,0.00462178,0.0153295
0.242139,1.4844,0.0051846,0.0154842
0.244402,1.56555,0.00605179,0.0156994
0.246664,1.3712,0.00554629,0.0160131
0.248926,1.4617,0.00665602,0.0161667
0.251189,1.50479,0.00783536,0.0164298
0.253451,1.45601,0.00828115,0.0166609
0.255714,1.53776,0.010149,0.0167973
0.257976,1.45073,0.0108486,0.0171077
0.260238,1.39732,0.0114183,0.0172913
0.262501,1.26255,0.0122618,0.0175239
0.264763,1.36571,0.0151641,0.0178241
0.267026,1.73948,0.0245999,0.0179383
0.269288,1.27497,0.0189018,0.0182463
0.27155,1.39252,0.0255148,0.0184218
0.273813,1.28853,0.0267791,0.0186265
0.276075,1.12911,0.0335501,0.0189069
0.278338,1.09264,0.0426379,0.0190349
0.2806,0.999659,0.0624576,0.0192846
0.282862,1.16137,0.103753,0.0195668
0.285125,1.56453,0.244777,0.0196904
0.287387,0,0,0.019925
0.28965,0,0,0.0201828
0.291912,0,0,0.0203732
0.294174,0,0,0.0206176
0.296437,0,0,0.0208095
0.298699,0,0,0.0209943
0.300962,0,0,0.0213227
0.303224,0,0,0.021438
0.305486,0,0,0.0215954
0.307749,0,0,0.021926
0.310011,0,0,0.0221265
0.312274,0,0,0.0222615
0.314536,0,0,0.0225737
0.316798,0,0,0.0227181
0.319061,0,0,0.0229153
0.321323,0,0,0.0231034
0.323586,0,0,0.023401
0.325848,0,0,0.0234885
0.32811,0,0,0.0237336
0.330373,0,0,0.0239429
0.332635,0,0,0.0241586
0.334898,0,0,0.0244496
0.33716,0,0,0.0245576
0.339422,0,0,0.0247861
0.341685,0,0,0.0250466
0.343947,0,0,0.0253031
0.34621,0,0,0.0254372
0.348472,0,0,0.0256826
0.350734,0,0,0.0258787
0.352997,0,0,0.0261788
0.355259,0,0,0.0263301
0.357522,0,0,0.0265042
0.359784,0,0,0.0268127
0.362046,0,0,0.0269865
0.364309,0,0,0.027279
0.366571,0,0,0.027425
0.368834,0,0,0.0277147
0.371096,0,0,0.027962
0.373358,0,0,0.0280234
0.375621,0,0,0.0283759
0.377883,0,0,0.0285256
0.380146,0,0,0.0286588
0.382408,0,0,0.0289052
0.38467,0,0,0.0290982
0.386933,0,0,0.0292588
0.389195,0,0,0.0295441
0.391458,0,0,0.029664
0.39372,0,0,0.0300074
0.395982,0,0,0.0302353
0.398245,0,0,0.0303397
0.400507,0,0,0.0307376
0.40277,0,0,0.030717
0.405032,0,0,0.0311565
0.407294,0,0,0.0313112
0.409557,0,0,0.0315002
0.411819,0,0,0.0316693
0.414082,0,0,0.0318296
0.416344,0,0,0.031991
0.418606,0,0,0.032178
0.420869,0,0,0.0323646
0.423131,0,0,0.0325359
0.425394,0,0,0.0326751
0.427656,0,0,0.0328817
0.429918,0,0,0.033036
0.432181,0,0,0.0332177
0.434443,0,0,0.0333237
0.436706,0,0,0
0.438968,0,0,0
0.44123,0,0,0
0.443493,0,0,0
0.445755,0,0,0
0.448018,0,0,0
0.45028,0,0,0
0.452542,0,0,0
